tags: []
importance: 90
created_at: 2026-04-04T17:13:41.645079Z
updated_at: 2026-04-04T17:14:20.256166Z
